----------------------Parámetros del algoritmo-------------

args ={'TimeSlot': 15, 'Groups': 12,'Profesores':24, 'MateriasMaximas':3, 'Materias':10}
param = {'ParticulasxEnjambre': 8,'Enjambres': 10,'Iteraciones': 100,'c1':2.05,'c2':2.05,'k':0.72984, 'rondaAparemiento':5}




----------------------Cantidad de materias dictadas por un profesor-------------

Profesor 1 -> Materias 1
Profesor 2 -> Materias 2
Profesor 3 -> Materias 2
Profesor 4 -> Materias 1
Profesor 5 -> Materias 2
Profesor 6 -> Materias 1
Profesor 7 -> Materias 3
Profesor 8 -> Materias 1
Profesor 9 -> Materias 2
Profesor 10 -> Materias 3
Profesor 11 -> Materias 3
Profesor 12 -> Materias 3
Profesor 13 -> Materias 2
Profesor 14 -> Materias 2
Profesor 15 -> Materias 1
Profesor 16 -> Materias 1
Profesor 17 -> Materias 3
Profesor 18 -> Materias 2
Profesor 19 -> Materias 1
Profesor 20 -> Materias 2
Profesor 21 -> Materias 1
Profesor 22 -> Materias 2
Profesor 23 -> Materias 1
Profesor 24 -> Materias 3

----------------------Códigos, donde un código es una profesor asociado a una materia-------------

{1: {'profesor': 1, 'materia': 2}, 2: {'profesor': 2, 'materia': 9}, 3: {'profesor': 2, 'materia': 7}, 4: {'profesor': 3, 'materia': 3}, 5: {'profesor': 3, 'materia': 4}, 6: {'profesor': 4, 'materia': 9}, 7: {'profesor': 5, 'materia': 1}, 8: {'profesor': 5, 'materia': 3}, 9: {'profesor': 6, 'materia': 2}, 10: {'profesor': 7, 'materia': 9}, 11: {'profesor': 7, 'materia': 3}, 12: {'profesor': 7, 'materia': 1}, 13: {'profesor': 8, 'materia': 2}, 14: {'profesor': 9, 'materia': 9}, 15: {'profesor': 9, 'materia': 6}, 16: {'profesor': 10, 'materia': 4}, 17: {'profesor': 10, 'materia': 3}, 18: {'profesor': 10, 'materia': 1}, 19: {'profesor': 11, 'materia': 4}, 20: {'profesor': 11, 'materia': 2}, 21: {'profesor': 11, 'materia': 1}, 22: {'profesor': 12, 'materia': 4}, 23: {'profesor': 12, 'materia': 10}, 24: {'profesor': 12, 'materia': 9}, 25: {'profesor': 13, 'materia': 7}, 26: {'profesor': 13, 'materia': 2}, 27: {'profesor': 14, 'materia': 5}, 28: {'profesor': 14, 'materia': 7}, 29: {'profesor': 15, 'materia': 5}, 30: {'profesor': 16, 'materia': 7}, 31: {'profesor': 17, 'materia': 1}, 32: {'profesor': 17, 'materia': 9}, 33: {'profesor': 17, 'materia': 5}, 34: {'profesor': 18, 'materia': 10}, 35: {'profesor': 18, 'materia': 5}, 36: {'profesor': 19, 'materia': 7}, 37: {'profesor': 20, 'materia': 6}, 38: {'profesor': 20, 'materia': 6}, 39: {'profesor': 21, 'materia': 10}, 40: {'profesor': 22, 'materia': 4}, 41: {'profesor': 22, 'materia': 3}, 42: {'profesor': 23, 'materia': 5}, 43: {'profesor': 24, 'materia': 9}, 44: {'profesor': 24, 'materia': 10}, 45: {'profesor': 24, 'materia': 10}, 46: {'profesor': 21, 'materia': 9}, 47: {'profesor': 22, 'materia': 2}, 48: {'profesor': 22, 'materia': 9}, 49: {'profesor': 23, 'materia': 2}, 50: {'profesor': 24, 'materia': 6}}



----------------------Disponibilidad porfesores en los diferentes Timeslot-------------

[[0, 0, 1, 0, 1, 1, 0, 1, 0, 1, 0, 0, 0, 1, 1, 1, 0, 0, 0, 0, 0, 0, 1, 0, 0, 1, 0, 0, 1, 1, 1, 0, 0, 1, 1, 1, 1, 0, 0, 0, 0, 1, 1, 1, 0, 0, 0, 1, 1, 1, 1, 0, 0, 0, 1, 0, 1, 1, 1, 0, 0, 0, 1, 0, 1, 0, 1, 0, 1, 1, 1, 1, 1, 1, 1, 0, 1, 0, 0, 0, 0, 0, 0, 1, 0, 1, 1, 0, 1, 1, 0, 1, 1, 0, 0, 0, 0, 1, 0, 1, 1, 1, 0, 1, 1, 0, 0, 0, 1, 0, 0, 1, 0, 1, 0, 1, 0, 0, 1, 0, 1, 1, 1, 1, 1, 1, 1, 0, 1, 0, 1, 0, 1, 1, 0, 1, 1, 0, 1, 0, 0, 1, 1, 1, 0, 1, 1, 0, 1, 0, 0, 1, 1, 1, 1, 0, 0, 0, 0, 1, 0, 0, 1, 0, 0, 0, 1, 1, 1, 1, 1, 1, 1, 0, 0, 1, 0, 1, 1, 1], [0, 0, 1, 1, 0, 1, 0, 0, 0, 0, 0, 0, 0, 0, 1, 1, 1, 0, 1, 0, 0, 1, 0, 0, 1, 0, 0, 0, 1, 1, 0, 1, 1, 0, 1, 1, 0, 0, 0, 0, 0, 0, 1, 1, 1, 1, 1, 0, 1, 1, 0, 1, 1, 1, 0, 0, 0, 1, 1, 0, 1, 1, 1, 0, 0, 1, 1, 1, 0, 1, 1, 1, 0, 0, 1, 1, 0, 0, 0, 1, 1, 1, 1, 0, 1, 1, 1, 0, 0, 1, 0, 0, 1, 0, 1, 1, 0, 1, 0, 0, 0, 1, 1, 0, 1, 1, 1, 1, 1, 1, 1, 0, 0, 0, 0, 0, 1, 0, 1, 0, 0, 1, 0, 1, 1, 0, 1, 1, 1, 0, 1, 0, 1, 1, 1, 1, 1, 1, 0, 1, 1, 0, 0, 1, 1, 1, 0, 0, 1, 0, 1, 1, 1, 0, 1, 1, 1, 0, 1, 1, 1, 1, 1, 0, 1, 1, 0, 0, 0, 1, 0, 1, 1, 0, 0, 1, 0, 1, 0, 0], [1, 0, 0, 0, 0, 1, 0, 0, 0, 0, 1, 0, 0, 0, 0, 0, 0, 1, 1, 1, 1, 0, 0, 1, 0, 1, 0, 0, 0, 0, 1, 0, 1, 1, 0, 0, 0, 1, 1, 0, 0, 0, 0, 0, 0, 1, 0, 1, 1, 1, 0, 1, 1, 1, 0, 0, 0, 0, 1, 1, 1, 1, 1, 0, 1, 1, 0, 1, 0, 0, 1, 1, 1, 1, 1, 1, 0, 1, 1, 0, 0, 1, 0, 1, 1, 0, 0, 0, 1, 1, 0, 1, 1, 1, 0, 0, 1, 1, 0, 1, 1, 0, 1, 1, 1, 0, 1, 1, 1, 1, 0, 0, 1, 1, 1, 1, 1, 1, 1, 0, 1, 1, 0, 0, 0, 0, 1, 1, 0, 1, 0, 0, 1, 0, 0, 0, 1, 1, 0, 0, 0, 1, 1, 1, 0, 1, 1, 1, 0, 1, 1, 0, 0, 0, 1, 1, 0, 1, 1, 0, 1, 1, 0, 1, 0, 1, 0, 0, 0, 0, 0, 0, 0, 0, 0, 1, 0, 0, 0, 1], [0, 0, 1, 0, 1, 0, 0, 1, 0, 0, 1, 1, 1, 0, 0, 1, 0, 0, 1, 1, 0, 1, 1, 0, 1, 0, 0, 1, 1, 0, 1, 1, 0, 1, 1, 0, 1, 1, 1, 0, 0, 1, 1, 0, 1, 1, 1, 1, 0, 1, 0, 0, 0, 0, 0, 1, 0, 1, 1, 0, 0, 0, 1, 0, 0, 0, 1, 1, 0, 1, 1, 1, 0, 0, 1, 0, 0, 0, 1, 0, 1, 0, 1, 1, 1, 0, 0, 1, 0, 0, 1, 1, 0, 1, 1, 0, 1, 0, 0, 1, 1, 1, 1, 1, 1, 0, 0, 0, 0, 1, 1, 1, 0, 0, 0, 1, 1, 1, 1, 1, 1, 1, 0, 1, 1, 1, 1, 1, 1, 1, 0, 1, 0, 1, 1, 0, 0, 0, 0, 1, 0, 1, 0, 0, 1, 1, 0, 1, 0, 1, 1, 0, 1, 0, 1, 0, 1, 1, 0, 1, 0, 1, 1, 1, 0, 0, 1, 1, 1, 0, 0, 1, 1, 1, 1, 0, 0, 0, 1, 0], [1, 0, 0, 0, 1, 1, 1, 1, 0, 0, 1, 1, 1, 0, 1, 1, 1, 0, 0, 1, 1, 0, 0, 0, 0, 0, 0, 0, 1, 1, 0, 1, 1, 0, 0, 1, 1, 0, 1, 0, 1, 1, 1, 1, 0, 1, 0, 1, 1, 0, 0, 1, 0, 0, 0, 1, 1, 0, 1, 0, 0, 0, 0, 1, 1, 0, 0, 1, 0, 0, 1, 0, 1, 1, 1, 0, 1, 0, 0, 1, 1, 1, 0, 0, 1, 0, 1, 0, 1, 1, 1, 0, 0, 1, 1, 1, 0, 1, 1, 0, 0, 0, 0, 1, 1, 1, 0, 1, 1, 1, 0, 1, 1, 1, 1, 1, 0, 1, 0, 1, 0, 0, 0, 1, 1, 1, 0, 0, 1, 0, 1, 1, 1, 0, 0, 1, 1, 0, 1, 1, 0, 0, 1, 0, 0, 1, 1, 0, 0, 0, 0, 1, 1, 1, 0, 0, 1, 0, 0, 0, 0, 1, 1, 0, 0, 1, 1, 0, 0, 0, 1, 1, 1, 0, 1, 0, 1, 1, 1, 1], [1, 1, 1, 0, 0, 0, 0, 1, 1, 0, 1, 1, 0, 0, 1, 1, 0, 0, 0, 0, 1, 1, 0, 1, 1, 1, 0, 1, 0, 0, 0, 1, 1, 0, 0, 0, 0, 0, 1, 0, 0, 0, 1, 0, 1, 1, 0, 0, 0, 0, 1, 1, 0, 0, 0, 1, 1, 1, 0, 1, 1, 1, 0, 0, 1, 1, 0, 1, 1, 1, 1, 1, 1, 1, 0, 1, 0, 0, 0, 0, 1, 1, 0, 1, 1, 0, 0, 1, 0, 1, 1, 1, 1, 0, 1, 0, 1, 1, 1, 0, 1, 0, 0, 1, 1, 0, 0, 0, 1, 0, 1, 1, 1, 0, 1, 0, 1, 1, 1, 0, 1, 1, 1, 0, 1, 1, 0, 1, 0, 1, 1, 0, 1, 0, 1, 0, 0, 0, 1, 1, 1, 0, 1, 1, 1, 0, 0, 0, 0, 1, 0, 1, 0, 1, 0, 1, 0, 1, 1, 0, 1, 0, 0, 1, 1, 1, 0, 0, 1, 0, 1, 0, 0, 1, 1, 1, 1, 0, 0, 1], [0, 1, 1, 1, 1, 1, 0, 1, 0, 0, 1, 0, 0, 0, 1, 1, 0, 1, 0, 1, 1, 1, 0, 0, 1, 1, 0, 1, 0, 0, 1, 1, 1, 1, 1, 0, 1, 0, 1, 0, 1, 1, 1, 1, 1, 1, 1, 0, 0, 0, 0, 0, 0, 1, 0, 1, 1, 0, 1, 1, 1, 1, 1, 0, 1, 0, 0, 1, 0, 0, 1, 1, 0, 0, 0, 1, 0, 1, 1, 0, 0, 0, 1, 0, 1, 0, 0, 0, 0, 0, 1, 1, 1, 1, 1, 0, 0, 0, 1, 0, 1, 1, 0, 1, 1, 0, 0, 0, 1, 1, 1, 0, 0, 0, 0, 0, 1, 0, 0, 0, 0, 1, 1, 0, 1, 1, 0, 1, 1, 1, 0, 0, 0, 0, 1, 1, 0, 1, 1, 1, 1, 0, 1, 0, 1, 1, 0, 0, 1, 1, 0, 0, 0, 1, 0, 1, 0, 0, 1, 0, 0, 0, 0, 0, 1, 1, 0, 0, 1, 1, 1, 0, 1, 1, 0, 1, 1, 1, 0, 0], [1, 0, 1, 0, 0, 0, 1, 1, 0, 1, 0, 0, 1, 1, 1, 0, 0, 0, 1, 1, 1, 0, 1, 0, 1, 1, 1, 0, 0, 1, 0, 0, 1, 1, 1, 1, 0, 0, 1, 0, 1, 0, 0, 1, 0, 1, 1, 0, 1, 1, 0, 0, 0, 1, 1, 1, 1, 1, 1, 0, 1, 1, 0, 1, 0, 0, 0, 0, 0, 1, 0, 0, 1, 1, 0, 0, 0, 0, 0, 0, 1, 0, 0, 0, 0, 0, 0, 0, 1, 0, 1, 1, 0, 0, 1, 0, 1, 0, 1, 0, 1, 0, 0, 1, 1, 1, 0, 1, 1, 1, 0, 0, 0, 1, 1, 1, 0, 1, 0, 1, 0, 0, 0, 0, 1, 0, 1, 0, 0, 1, 0, 1, 1, 0, 0, 1, 0, 0, 1, 1, 0, 1, 1, 0, 0, 1, 0, 0, 1, 1, 1, 1, 0, 0, 0, 0, 1, 1, 0, 1, 0, 0, 0, 1, 0, 0, 0, 1, 1, 0, 0, 0, 0, 1, 1, 1, 1, 1, 1, 1], [0, 0, 0, 0, 1, 0, 1, 1, 0, 0, 1, 1, 0, 0, 1, 0, 0, 0, 1, 1, 1, 1, 1, 0, 1, 1, 1, 1, 0, 0, 1, 1, 1, 1, 1, 1, 1, 0, 1, 0, 1, 0, 1, 0, 0, 0, 0, 1, 1, 0, 1, 1, 1, 0, 0, 0, 0, 0, 0, 1, 0, 0, 0, 0, 0, 0, 1, 1, 0, 1, 0, 1, 1, 1, 0, 0, 0, 1, 0, 0, 0, 0, 0, 0, 0, 1, 0, 1, 1, 1, 1, 1, 0, 1, 1, 0, 0, 0, 0, 1, 0, 0, 0, 1, 1, 0, 1, 0, 1, 1, 1, 0, 1, 0, 0, 1, 1, 1, 0, 0, 1, 1, 1, 0, 1, 1, 0, 0, 0, 1, 1, 0, 1, 0, 1, 1, 0, 1, 0, 0, 1, 0, 1, 1, 1, 0, 1, 0, 1, 0, 1, 1, 1, 0, 1, 1, 0, 1, 0, 0, 0, 1, 1, 0, 0, 1, 1, 0, 1, 0, 1, 0, 1, 1, 0, 0, 0, 1, 1, 0], [1, 0, 1, 1, 1, 0, 0, 0, 1, 1, 0, 0, 1, 0, 1, 0, 0, 1, 1, 0, 1, 1, 1, 1, 1, 1, 0, 0, 0, 1, 0, 0, 1, 0, 1, 1, 0, 0, 1, 0, 0, 0, 0, 1, 1, 0, 0, 0, 1, 0, 1, 1, 0, 0, 1, 0, 1, 0, 1, 1, 1, 0, 0, 1, 1, 1, 1, 1, 0, 0, 0, 1, 0, 1, 1, 1, 0, 1, 1, 0, 0, 1, 0, 0, 0, 1, 1, 1, 0, 1, 0, 1, 1, 0, 0, 0, 0, 0, 0, 1, 1, 0, 1, 1, 0, 1, 1, 0, 0, 1, 0, 1, 1, 0, 0, 0, 0, 1, 0, 0, 0, 0, 0, 0, 1, 1, 0, 1, 0, 0, 0, 1, 1, 0, 0, 1, 1, 1, 0, 1, 1, 0, 0, 1, 0, 1, 0, 0, 0, 1, 1, 1, 1, 0, 1, 1, 0, 0, 1, 1, 1, 0, 0, 0, 1, 1, 1, 0, 1, 1, 1, 0, 0, 0, 1, 0, 1, 1, 0, 0], [0, 1, 1, 0, 1, 0, 1, 0, 0, 1, 1, 0, 0, 1, 0, 0, 0, 1, 0, 0, 0, 1, 1, 0, 1, 0, 0, 1, 0, 1, 0, 0, 1, 1, 0, 1, 1, 1, 0, 1, 1, 1, 1, 1, 0, 1, 1, 1, 0, 0, 0, 1, 1, 1, 0, 1, 1, 0, 0, 0, 0, 1, 1, 0, 1, 1, 1, 1, 1, 1, 0, 1, 0, 0, 1, 0, 0, 0, 1, 0, 1, 0, 0, 1, 0, 0, 0, 0, 0, 1, 0, 0, 1, 0, 0, 0, 1, 0, 1, 0, 1, 0, 1, 0, 1, 1, 1, 1, 0, 0, 1, 0, 1, 1, 0, 1, 1, 1, 0, 1, 1, 1, 1, 0, 1, 1, 0, 1, 1, 0, 0, 1, 1, 1, 0, 1, 0, 0, 1, 1, 0, 1, 0, 1, 0, 1, 1, 0, 1, 0, 0, 1, 0, 0, 0, 0, 0, 0, 0, 1, 0, 1, 1, 0, 0, 1, 0, 0, 1, 1, 0, 1, 1, 0, 0, 0, 0, 1, 0, 0], [1, 0, 0, 1, 1, 0, 0, 0, 0, 0, 0, 0, 1, 0, 0, 0, 1, 1, 0, 0, 1, 0, 1, 1, 0, 0, 0, 1, 1, 1, 0, 1, 0, 1, 1, 1, 1, 0, 1, 0, 1, 1, 1, 1, 0, 1, 0, 1, 1, 1, 0, 1, 0, 0, 0, 1, 1, 0, 0, 1, 1, 0, 1, 1, 0, 0, 0, 1, 1, 0, 0, 1, 1, 1, 1, 1, 0, 1, 0, 0, 1, 1, 1, 0, 0, 0, 0, 0, 0, 1, 1, 1, 0, 0, 0, 0, 0, 0, 0, 1, 1, 0, 1, 1, 1, 1, 1, 1, 1, 0, 0, 0, 0, 1, 1, 0, 0, 0, 1, 1, 0, 0, 1, 0, 0, 1, 1, 0, 0, 1, 1, 1, 1, 0, 1, 0, 1, 0, 1, 1, 0, 0, 1, 1, 1, 1, 1, 0, 1, 1, 0, 0, 1, 1, 1, 0, 0, 1, 1, 1, 0, 0, 1, 0, 0, 0, 1, 1, 0, 0, 0, 0, 0, 0, 0, 0, 1, 1, 0, 0], [0, 1, 1, 0, 1, 0, 1, 1, 1, 0, 0, 0, 0, 1, 0, 1, 0, 0, 1, 1, 0, 0, 1, 0, 1, 1, 1, 1, 1, 0, 1, 1, 0, 0, 1, 0, 0, 1, 0, 0, 0, 1, 0, 1, 0, 1, 0, 0, 1, 0, 1, 1, 0, 0, 1, 0, 1, 1, 0, 0, 1, 0, 1, 1, 0, 0, 1, 1, 0, 0, 1, 0, 1, 1, 1, 1, 1, 0, 1, 0, 0, 1, 1, 0, 1, 0, 0, 1, 1, 0, 0, 0, 1, 0, 0, 0, 1, 1, 0, 0, 0, 1, 0, 0, 0, 1, 0, 0, 0, 1, 1, 0, 1, 0, 1, 0, 0, 0, 0, 0, 1, 0, 1, 1, 1, 0, 0, 1, 1, 1, 0, 0, 1, 0, 1, 0, 1, 1, 0, 0, 0, 1, 1, 1, 0, 1, 1, 1, 1, 1, 0, 0, 1, 0, 1, 0, 0, 0, 1, 0, 1, 1, 0, 0, 1, 1, 0, 0, 1, 1, 1, 1, 1, 1, 1, 1, 0, 0, 0, 0], [1, 0, 0, 0, 0, 0, 0, 0, 1, 1, 0, 1, 0, 1, 0, 0, 1, 1, 0, 1, 1, 1, 1, 1, 1, 1, 0, 0, 1, 0, 1, 0, 0, 0, 0, 0, 0, 0, 1, 1, 1, 0, 0, 0, 1, 1, 1, 1, 0, 1, 1, 1, 0, 0, 0, 0, 0, 0, 0, 1, 0, 0, 0, 1, 1, 1, 1, 0, 1, 0, 0, 1, 0, 0, 0, 1, 0, 1, 0, 1, 1, 1, 0, 0, 0, 1, 0, 0, 0, 0, 1, 0, 0, 1, 0, 1, 0, 0, 0, 0, 1, 0, 0, 0, 1, 0, 0, 0, 1, 1, 1, 1, 0, 1, 0, 1, 1, 0, 0, 1, 1, 1, 1, 0, 1, 1, 0, 0, 0, 1, 0, 1, 0, 0, 1, 0, 0, 0, 0, 0, 0, 1, 0, 0, 0, 1, 0, 1, 0, 1, 1, 0, 1, 1, 0, 0, 0, 1, 1, 0, 0, 0, 1, 1, 0, 1, 1, 1, 0, 1, 0, 0, 0, 1, 0, 1, 0, 1, 0, 0], [1, 0, 1, 1, 0, 0, 0, 0, 1, 0, 0, 1, 0, 0, 1, 0, 1, 1, 1, 0, 0, 1, 1, 1, 1, 1, 0, 0, 1, 0, 0, 0, 0, 1, 0, 1, 0, 1, 0, 0, 0, 0, 1, 1, 1, 1, 1, 0, 0, 1, 0, 0, 1, 1, 1, 0, 0, 1, 0, 0, 1, 1, 0, 0, 0, 0, 1, 1, 0, 0, 1, 0, 0, 1, 1, 0, 0, 0, 1, 1, 1, 0, 1, 0, 0, 1, 0, 1, 0, 1, 1, 1, 1, 0, 0, 1, 0, 0, 1, 1, 1, 0, 0, 1, 1, 1, 1, 0, 0, 0, 0, 1, 0, 1, 0, 0, 1, 1, 0, 0, 1, 0, 0, 1, 0, 0, 0, 1, 0, 1, 0, 0, 1, 0, 1, 0, 1, 0, 1, 1, 0, 0, 1, 0, 1, 1, 1, 0, 0, 1, 0, 0, 1, 0, 1, 0, 0, 1, 0, 0, 0, 0, 1, 1, 0, 1, 0, 0, 1, 0, 0, 0, 0, 1, 0, 1, 0, 0, 1, 1], [0, 0, 1, 0, 0, 0, 1, 0, 0, 1, 1, 1, 1, 0, 1, 1, 1, 0, 0, 0, 1, 1, 1, 1, 1, 1, 0, 0, 1, 1, 0, 0, 1, 0, 0, 1, 0, 0, 0, 1, 1, 0, 0, 1, 1, 1, 1, 0, 0, 1, 1, 0, 0, 0, 1, 0, 0, 0, 1, 1, 1, 1, 0, 1, 0, 1, 1, 0, 0, 0, 1, 0, 0, 0, 0, 0, 1, 0, 0, 0, 1, 0, 0, 1, 1, 1, 1, 1, 0, 0, 1, 1, 1, 0, 0, 0, 0, 0, 1, 0, 0, 1, 1, 0, 1, 1, 0, 0, 0, 0, 0, 0, 0, 1, 0, 0, 1, 1, 1, 1, 1, 0, 1, 1, 1, 0, 0, 0, 1, 0, 0, 0, 0, 1, 0, 0, 1, 1, 0, 1, 1, 0, 0, 0, 0, 1, 0, 0, 1, 0, 0, 0, 0, 1, 0, 1, 1, 1, 0, 1, 0, 1, 1, 1, 0, 1, 1, 1, 0, 1, 1, 0, 1, 1, 0, 0, 0, 0, 1, 0], [1, 0, 0, 0, 1, 0, 0, 0, 1, 0, 1, 1, 1, 1, 1, 0, 0, 1, 1, 0, 0, 1, 1, 1, 0, 0, 1, 0, 1, 1, 1, 1, 1, 0, 1, 0, 0, 1, 1, 0, 1, 1, 1, 0, 0, 0, 0, 1, 1, 0, 1, 0, 1, 1, 0, 1, 0, 0, 1, 1, 1, 1, 0, 0, 1, 1, 1, 0, 1, 0, 1, 1, 1, 1, 1, 0, 0, 1, 1, 0, 0, 0, 1, 1, 1, 1, 0, 0, 0, 1, 0, 0, 0, 0, 0, 0, 1, 1, 1, 0, 0, 0, 0, 0, 0, 1, 1, 0, 1, 0, 0, 0, 0, 1, 1, 1, 1, 0, 0, 0, 1, 0, 1, 0, 0, 1, 1, 1, 0, 0, 1, 0, 0, 0, 0, 1, 0, 0, 0, 0, 0, 0, 1, 0, 1, 1, 1, 1, 1, 1, 0, 1, 0, 1, 0, 0, 1, 0, 1, 0, 0, 0, 0, 0, 0, 1, 0, 0, 1, 0, 0, 0, 1, 0, 0, 1, 0, 1, 0, 1], [0, 0, 1, 0, 1, 1, 0, 1, 1, 0, 1, 0, 0, 1, 1, 1, 1, 1, 1, 1, 1, 0, 0, 1, 1, 0, 1, 0, 1, 1, 0, 1, 0, 0, 0, 0, 1, 1, 1, 0, 0, 0, 1, 1, 0, 1, 0, 0, 1, 0, 0, 1, 1, 0, 0, 1, 0, 0, 0, 1, 0, 1, 1, 1, 0, 1, 1, 1, 1, 0, 1, 1, 1, 1, 1, 1, 0, 1, 1, 0, 1, 1, 1, 0, 0, 1, 0, 1, 1, 0, 1, 1, 1, 1, 1, 0, 0, 1, 1, 0, 1, 0, 1, 1, 1, 0, 0, 1, 1, 0, 0, 1, 1, 0, 1, 0, 0, 1, 1, 0, 0, 0, 0, 0, 0, 1, 0, 1, 0, 0, 0, 0, 0, 1, 1, 1, 1, 0, 1, 1, 0, 0, 1, 1, 1, 0, 0, 1, 1, 0, 1, 1, 0, 1, 0, 1, 1, 0, 0, 0, 1, 1, 0, 1, 0, 0, 1, 1, 0, 1, 0, 0, 0, 1, 0, 1, 1, 0, 0, 0], [0, 0, 0, 0, 0, 1, 0, 0, 1, 0, 1, 1, 0, 0, 1, 0, 0, 1, 0, 0, 1, 0, 0, 1, 1, 0, 0, 0, 0, 1, 0, 0, 0, 0, 0, 1, 1, 1, 0, 1, 0, 0, 1, 1, 1, 1, 1, 1, 0, 1, 0, 1, 1, 0, 1, 1, 0, 0, 1, 0, 0, 1, 1, 1, 1, 1, 0, 1, 0, 1, 0, 0, 1, 0, 1, 1, 1, 0, 0, 0, 1, 1, 1, 0, 0, 1, 0, 0, 0, 1, 1, 1, 0, 0, 1, 0, 1, 0, 0, 1, 0, 1, 1, 0, 1, 0, 0, 1, 1, 1, 1, 1, 1, 1, 0, 1, 0, 1, 0, 0, 0, 0, 1, 0, 1, 0, 1, 1, 0, 1, 1, 0, 1, 1, 1, 1, 0, 0, 0, 0, 1, 0, 0, 1, 1, 1, 0, 1, 1, 1, 0, 1, 0, 1, 0, 0, 1, 1, 1, 0, 0, 1, 0, 1, 0, 0, 0, 0, 0, 0, 0, 0, 0, 1, 1, 0, 1, 0, 0, 0], [1, 1, 0, 0, 1, 1, 1, 0, 1, 1, 1, 1, 0, 1, 0, 1, 1, 0, 0, 0, 1, 0, 1, 0, 0, 1, 1, 1, 0, 0, 0, 0, 0, 0, 0, 1, 1, 0, 0, 0, 0, 0, 1, 0, 0, 1, 1, 0, 1, 1, 1, 0, 1, 0, 0, 0, 1, 1, 1, 0, 0, 1, 1, 1, 0, 1, 0, 1, 1, 1, 0, 0, 0, 1, 0, 1, 0, 0, 0, 0, 1, 1, 1, 0, 0, 0, 0, 1, 0, 1, 0, 1, 1, 1, 0, 1, 0, 1, 1, 0, 0, 0, 0, 0, 0, 1, 1, 1, 1, 1, 0, 0, 1, 1, 1, 1, 1, 0, 1, 1, 1, 1, 0, 0, 1, 0, 1, 1, 1, 0, 0, 0, 0, 0, 0, 0, 1, 0, 1, 1, 0, 1, 0, 1, 0, 0, 0, 1, 1, 1, 0, 0, 1, 0, 1, 1, 1, 1, 0, 0, 0, 1, 0, 1, 1, 0, 0, 1, 0, 0, 0, 0, 1, 0, 0, 1, 1, 1, 0, 1], [0, 1, 0, 1, 0, 0, 1, 1, 1, 0, 1, 1, 0, 1, 0, 0, 0, 0, 1, 0, 0, 1, 1, 0, 0, 0, 1, 0, 0, 1, 0, 0, 0, 1, 0, 0, 1, 1, 1, 0, 1, 1, 0, 1, 1, 1, 0, 1, 0, 0, 1, 1, 0, 1, 1, 1, 0, 0, 1, 0, 0, 0, 0, 0, 0, 0, 0, 0, 0, 0, 1, 0, 1, 1, 0, 1, 1, 1, 0, 0, 1, 0, 1, 1, 0, 0, 0, 1, 1, 0, 0, 0, 1, 1, 0, 0, 1, 1, 1, 0, 1, 1, 0, 1, 0, 0, 1, 1, 1, 0, 0, 1, 1, 1, 1, 0, 1, 1, 1, 1, 0, 0, 0, 0, 1, 0, 0, 1, 1, 1, 0, 1, 1, 1, 1, 1, 0, 1, 1, 1, 0, 0, 0, 1, 1, 0, 0, 0, 0, 1, 1, 0, 1, 1, 1, 1, 1, 0, 0, 0, 0, 1, 0, 1, 0, 0, 1, 0, 1, 1, 0, 1, 1, 0, 1, 1, 1, 0, 0, 1], [1, 1, 0, 1, 0, 0, 0, 0, 0, 1, 0, 0, 1, 0, 0, 0, 1, 0, 1, 1, 1, 0, 0, 0, 1, 1, 0, 0, 0, 0, 1, 0, 0, 0, 1, 0, 1, 0, 1, 0, 0, 1, 0, 1, 0, 1, 0, 0, 1, 0, 0, 1, 0, 0, 1, 0, 0, 1, 1, 1, 0, 0, 1, 1, 1, 1, 0, 1, 1, 0, 0, 1, 1, 1, 0, 0, 0, 1, 0, 0, 0, 1, 1, 1, 1, 0, 0, 0, 1, 1, 0, 1, 1, 0, 0, 1, 1, 0, 1, 1, 0, 1, 0, 1, 1, 1, 0, 0, 0, 0, 0, 1, 1, 0, 1, 0, 0, 1, 0, 0, 0, 0, 0, 1, 1, 0, 1, 0, 0, 1, 1, 0, 0, 1, 1, 1, 0, 1, 0, 0, 0, 1, 0, 0, 0, 0, 1, 0, 0, 1, 0, 0, 1, 1, 1, 0, 0, 1, 1, 0, 1, 0, 0, 0, 1, 1, 0, 1, 1, 1, 1, 1, 0, 1, 1, 1, 1, 1, 0, 0], [1, 1, 0, 0, 1, 1, 1, 1, 1, 1, 1, 1, 1, 1, 0, 1, 0, 0, 0, 0, 0, 1, 1, 0, 1, 0, 1, 1, 0, 0, 0, 1, 1, 0, 0, 1, 0, 0, 0, 1, 1, 0, 0, 1, 1, 1, 0, 0, 0, 0, 1, 0, 0, 0, 1, 1, 1, 0, 0, 0, 1, 0, 1, 0, 0, 0, 0, 1, 1, 0, 1, 1, 0, 1, 0, 1, 0, 0, 0, 1, 1, 0, 1, 1, 0, 1, 0, 0, 1, 0, 0, 1, 1, 1, 0, 1, 0, 0, 0, 0, 1, 1, 0, 0, 1, 1, 0, 1, 0, 0, 1, 0, 1, 0, 1, 0, 1, 1, 0, 0, 1, 1, 1, 1, 0, 0, 0, 0, 0, 0, 0, 1, 1, 0, 1, 0, 1, 1, 0, 1, 1, 0, 1, 1, 1, 0, 0, 1, 1, 0, 1, 0, 0, 0, 1, 0, 0, 1, 1, 1, 0, 1, 1, 0, 1, 1, 1, 1, 0, 1, 0, 1, 0, 1, 1, 1, 0, 1, 0, 1], [1, 0, 0, 0, 0, 0, 1, 0, 0, 1, 1, 1, 1, 0, 0, 0, 0, 1, 0, 0, 0, 1, 1, 1, 1, 0, 1, 0, 1, 0, 1, 0, 0, 1, 0, 0, 0, 1, 0, 0, 0, 0, 0, 1, 1, 0, 0, 1, 1, 1, 0, 1, 0, 0, 1, 0, 0, 1, 0, 0, 0, 1, 1, 0, 1, 1, 0, 1, 1, 0, 1, 0, 0, 0, 1, 1, 1, 1, 1, 0, 1, 0, 0, 0, 0, 0, 1, 0, 0, 0, 0, 1, 1, 1, 1, 1, 0, 0, 1, 1, 0, 1, 0, 0, 0, 1, 1, 1, 1, 0, 1, 1, 0, 0, 1, 1, 1, 1, 1, 1, 0, 1, 0, 0, 1, 1, 0, 0, 1, 1, 1, 0, 0, 1, 1, 1, 0, 1, 0, 1, 0, 0, 1, 1, 1, 0, 0, 0, 0, 0, 1, 0, 0, 0, 1, 0, 1, 0, 1, 0, 0, 1, 0, 0, 0, 1, 1, 0, 0, 0, 1, 0, 1, 0, 0, 1, 1, 1, 1, 0]]


------------------------------------Resultado ----------------

Enjambre #1
Rendimiento:105.533333333
 Mejor particula:[13, 21, 30, 6, 16, 41, 11, 37, 2, 36, 28, 33, 34, 14, 24, 25, 27, 20, 29, 23, 30, 45, 11, 8, 1, 42, 5, 31, 34, 14, 32, 19, 38, 28, 40, 26, 35, 7, 16, 22, 29, 4, 12, 43, 14, 12, 7, 38, 30, 20, 4, 1, 9, 40, 25, 27, 39, 22, 35, 15, 31, 22, 2, 15, 44, 4, 34, 39, 36, 7, 27, 26, 29, 16, 20, 11, 18, 35, 33, 6, 5, 13, 30, 7, 23, 44, 21, 28, 3, 1, 9, 30, 40, 20, 25, 45, 8, 28, 42, 15, 24, 2, 5, 12, 34, 17, 44, 2, 23, 36, 1, 37, 40, 42, 13, 28, 35, 9, 39, 10, 21, 8, 24, 29, 9, 32, 37, 27, 1, 10, 2, 40, 14, 17, 25, 33, 42, 10, 25, 6, 8, 34, 5, 30, 41, 43, 21, 38, 22, 29, 21, 16, 33, 23, 2, 14, 10, 39, 4, 44, 7, 6, 34, 26, 42, 31, 35, 12, 25, 7, 28, 42, 22, 45, 15, 20, 3, 5, 1, 39]

Enjambre #2
Rendimiento:103.545454545
 Mejor particula:[34, 22, 15, 37, 42, 39, 45, 11, 31, 28, 40, 3, 29, 20, 9, 16, 15, 2, 36, 29, 37, 44, 21, 27, 39, 13, 1, 6, 23, 11, 22, 5, 43, 35, 37, 40, 19, 28, 14, 16, 2, 30, 7, 39, 36, 8, 44, 41, 10, 28, 2, 13, 38, 31, 23, 19, 25, 29, 6, 17, 22, 37, 9, 45, 27, 21, 6, 33, 16, 12, 15, 29, 41, 3, 5, 43, 40, 8, 6, 14, 9, 13, 5, 26, 17, 35, 2, 38, 10, 22, 22, 10, 5, 3, 33, 8, 30, 16, 34, 19, 39, 14, 13, 6, 43, 21, 27, 7, 42, 45, 38, 4, 39, 32, 2, 30, 17, 25, 15, 1, 8, 22, 45, 21, 33, 5, 10, 1, 30, 34, 41, 26, 14, 38, 36, 11, 21, 7, 24, 37, 36, 16, 30, 31, 35, 4, 29, 27, 1, 41, 15, 4, 16, 36, 40, 21, 37, 35, 13, 25, 3, 11, 7, 28, 39, 13, 10, 27, 38, 32, 17, 36, 9, 4, 40, 26, 35, 20, 45, 7]

Enjambre #3
Rendimiento:116.533333333
 Mejor particula:[2, 44, 36, 7, 32, 42, 29, 4, 18, 22, 12, 27, 9, 19, 1, 17, 2, 6, 34, 33, 41, 29, 36, 23, 7, 21, 25, 28, 42, 10, 24, 20, 31, 7, 18, 9, 4, 27, 45, 36, 34, 3, 13, 37, 14, 6, 8, 14, 36, 45, 31, 17, 25, 2, 22, 4, 40, 35, 13, 37, 27, 16, 21, 33, 34, 25, 5, 12, 7, 30, 1, 13, 15, 44, 40, 11, 31, 30, 5, 43, 28, 37, 8, 39, 9, 13, 19, 23, 25, 6, 25, 31, 18, 28, 40, 38, 24, 6, 39, 8, 3, 44, 10, 34, 5, 32, 19, 16, 9, 42, 15, 3, 43, 28, 24, 30, 38, 26, 8, 41, 43, 18, 11, 22, 27, 9, 26, 6, 35, 7, 36, 41, 1, 42, 20, 43, 5, 17, 28, 40, 39, 11, 3, 1, 14, 26, 9, 42, 21, 33, 43, 39, 21, 26, 8, 24, 27, 31, 30, 34, 2, 40, 10, 5, 14, 21, 10, 17, 8, 14, 36, 4, 25, 1, 24, 35, 6, 37, 39, 33]

Enjambre #4
Rendimiento:100.558139535
 Mejor particula:[35, 15, 20, 9, 22, 36, 38, 40, 11, 44, 29, 33, 4, 1, 30, 15, 7, 1, 10, 33, 2, 5, 39, 24, 42, 34, 21, 29, 28, 40, 25, 5, 1, 28, 35, 40, 23, 8, 39, 13, 12, 31, 17, 3, 19, 37, 10, 33, 17, 27, 45, 24, 21, 42, 14, 9, 41, 5, 36, 26, 17, 24, 44, 29, 41, 19, 11, 37, 4, 25, 31, 9, 36, 14, 27, 43, 38, 10, 9, 25, 24, 39, 5, 28, 3, 35, 30, 41, 7, 14, 33, 6, 23, 8, 17, 11, 1, 20, 45, 28, 25, 35, 2, 13, 15, 17, 31, 25, 39, 7, 13, 30, 12, 23, 45, 14, 20, 38, 29, 3, 8, 22, 27, 17, 38, 11, 1, 5, 35, 31, 26, 15, 42, 13, 9, 23, 25, 45, 4, 16, 40, 9, 28, 31, 20, 10, 6, 15, 42, 3, 34, 20, 37, 22, 14, 29, 1, 36, 7, 45, 10, 27, 42, 3, 39, 16, 45, 7, 29, 33, 34, 24, 5, 21, 13, 6, 39, 28, 37, 40]

Enjambre #5
Rendimiento:108.533333333
 Mejor particula:[3, 31, 29, 28, 9, 42, 20, 16, 24, 1, 11, 4, 8, 40, 13, 25, 34, 6, 18, 21, 41, 45, 12, 28, 3, 5, 31, 42, 29, 38, 6, 30, 42, 19, 25, 14, 10, 3, 33, 35, 23, 17, 1, 40, 27, 23, 20, 10, 30, 41, 44, 15, 32, 27, 26, 5, 18, 35, 36, 37, 34, 33, 9, 29, 12, 44, 7, 30, 5, 26, 38, 15, 24, 28, 3, 35, 28, 17, 31, 2, 44, 23, 6, 14, 20, 7, 11, 36, 30, 9, 25, 16, 2, 42, 39, 41, 12, 38, 7, 24, 33, 19, 35, 28, 29, 34, 20, 4, 40, 2, 16, 45, 13, 1, 14, 31, 28, 7, 24, 12, 9, 31, 2, 14, 39, 34, 5, 16, 43, 6, 22, 11, 40, 13, 38, 45, 19, 6, 23, 1, 11, 8, 40, 37, 29, 15, 25, 30, 16, 2, 31, 44, 6, 13, 19, 27, 24, 15, 35, 11, 2, 25, 7, 36, 38, 29, 16, 21, 13, 22, 42, 5, 26, 15, 3, 41, 37, 32, 43, 35]

Enjambre #6
Rendimiento:113.545454545
 Mejor particula:[39, 25, 13, 32, 19, 5, 42, 12, 38, 36, 15, 44, 8, 35, 6, 1, 8, 42, 41, 16, 39, 25, 23, 13, 20, 10, 28, 6, 14, 45, 45, 27, 26, 33, 19, 14, 24, 18, 39, 12, 37, 8, 13, 35, 36, 3, 32, 17, 8, 22, 5, 40, 44, 21, 10, 1, 36, 9, 34, 39, 2, 29, 4, 27, 7, 12, 40, 25, 36, 33, 1, 17, 6, 24, 42, 15, 36, 17, 38, 44, 32, 24, 41, 34, 19, 4, 10, 8, 2, 29, 16, 20, 3, 42, 27, 10, 7, 5, 13, 26, 38, 1, 43, 39, 15, 44, 3, 10, 4, 40, 15, 30, 36, 33, 35, 20, 26, 28, 38, 17, 6, 1, 43, 28, 7, 34, 11, 16, 20, 4, 13, 24, 14, 32, 25, 41, 30, 29, 12, 17, 38, 9, 34, 14, 43, 24, 21, 7, 4, 33, 43, 39, 41, 34, 37, 14, 42, 24, 7, 16, 11, 5, 9, 20, 26, 20, 14, 45, 9, 17, 2, 41, 1, 7, 12, 34, 33, 29, 42, 27]

Enjambre #7
Rendimiento:103.545454545
 Mejor particula:[15, 21, 10, 29, 18, 22, 36, 13, 39, 8, 2, 37, 35, 45, 32, 27, 33, 41, 12, 35, 2, 26, 4, 22, 42, 15, 18, 6, 21, 30, 35, 32, 8, 29, 15, 30, 5, 42, 25, 2, 12, 37, 22, 36, 9, 10, 40, 43, 7, 34, 21, 29, 24, 33, 36, 3, 16, 13, 5, 26, 19, 14, 44, 7, 24, 40, 18, 38, 33, 25, 13, 27, 34, 42, 11, 27, 35, 9, 42, 19, 41, 32, 11, 8, 2, 16, 13, 45, 36, 14, 43, 5, 20, 30, 32, 9, 22, 15, 39, 11, 42, 16, 26, 13, 6, 38, 9, 42, 35, 15, 22, 11, 26, 31, 19, 3, 36, 44, 27, 16, 7, 28, 12, 2, 34, 9, 31, 37, 26, 24, 20, 4, 1, 29, 17, 10, 14, 5, 20, 13, 38, 27, 35, 41, 25, 39, 8, 9, 30, 22, 31, 11, 34, 14, 2, 6, 39, 38, 4, 8, 40, 18, 27, 29, 21, 3, 33, 5, 26, 10, 24, 37, 34, 1, 6, 18, 8, 20, 39, 44]

Enjambre #8
Rendimiento:106.545454545
 Mejor particula:[34, 11, 8, 39, 1, 21, 4, 44, 3, 27, 16, 14, 6, 33, 23, 40, 3, 35, 29, 18, 33, 11, 43, 4, 8, 38, 20, 9, 36, 24, 1, 32, 40, 27, 16, 44, 23, 13, 14, 42, 20, 36, 9, 25, 30, 30, 39, 35, 20, 1, 45, 31, 3, 27, 36, 5, 17, 23, 37, 6, 15, 41, 37, 2, 32, 45, 11, 24, 30, 19, 42, 4, 28, 39, 18, 13, 42, 10, 9, 19, 15, 2, 33, 40, 45, 38, 7, 27, 26, 34, 12, 15, 38, 24, 13, 19, 17, 31, 1, 35, 4, 26, 29, 39, 27, 37, 8, 17, 14, 45, 21, 29, 5, 10, 32, 26, 42, 6, 23, 36, 26, 43, 35, 4, 9, 11, 17, 39, 2, 23, 31, 40, 42, 36, 37, 2, 24, 14, 7, 25, 40, 21, 18, 33, 5, 37, 43, 29, 28, 13, 26, 28, 8, 29, 38, 31, 5, 44, 41, 30, 19, 1, 2, 23, 9, 25, 14, 8, 12, 5, 13, 30, 42, 45, 32, 29, 24, 21, 1, 39]

Enjambre #9
Rendimiento:105.533333333
 Mejor particula:[13, 33, 20, 26, 39, 23, 11, 8, 5, 3, 18, 14, 45, 35, 38, 44, 5, 19, 32, 41, 36, 34, 30, 37, 25, 22, 42, 16, 13, 10, 41, 29, 42, 2, 34, 17, 27, 11, 43, 22, 8, 25, 5, 21, 37, 20, 26, 27, 3, 38, 8, 30, 40, 44, 35, 32, 12, 29, 23, 6, 19, 3, 28, 9, 17, 34, 13, 25, 29, 6, 24, 31, 15, 12, 1, 29, 36, 12, 16, 30, 7, 31, 25, 42, 9, 24, 34, 2, 37, 4, 44, 18, 40, 25, 11, 33, 9, 27, 19, 39, 22, 1, 36, 38, 14, 13, 28, 6, 5, 33, 37, 17, 20, 43, 11, 35, 41, 8, 23, 3, 45, 18, 30, 7, 5, 2, 10, 31, 14, 39, 19, 22, 40, 6, 42, 41, 28, 35, 9, 17, 43, 13, 4, 19, 25, 7, 24, 6, 33, 42, 21, 16, 15, 7, 23, 41, 26, 11, 28, 43, 34, 5, 29, 39, 30, 11, 38, 8, 3, 43, 22, 42, 27, 17, 32, 15, 26, 21, 29, 39]

Enjambre #10
Rendimiento:106.545454545
 Mejor particula:[17, 33, 22, 27, 39, 38, 29, 20, 10, 8, 40, 5, 2, 14, 44, 11, 25, 37, 31, 9, 1, 42, 13, 5, 24, 19, 7, 44, 17, 3, 39, 26, 16, 29, 37, 34, 21, 40, 45, 27, 4, 22, 33, 3, 1, 35, 37, 3, 36, 10, 16, 24, 9, 14, 25, 21, 31, 8, 13, 27, 36, 16, 27, 30, 19, 31, 40, 43, 14, 42, 26, 6, 22, 1, 29, 16, 44, 31, 40, 28, 26, 23, 12, 5, 13, 7, 34, 6, 2, 9, 19, 28, 38, 34, 32, 26, 2, 13, 4, 22, 43, 15, 11, 17, 7, 24, 42, 36, 8, 18, 13, 43, 27, 40, 19, 1, 2, 6, 14, 25, 25, 18, 28, 21, 42, 30, 24, 4, 36, 45, 35, 29, 33, 38, 10, 40, 15, 12, 19, 43, 31, 25, 3, 16, 30, 38, 39, 35, 22, 5, 44, 12, 13, 36, 5, 37, 18, 8, 2, 14, 34, 28, 30, 23, 19, 11, 37, 4, 20, 23, 6, 14, 8, 28, 1, 30, 42, 9, 35, 45]

