----------------------Parámetros del algoritmo-------------

args ={'TimeSlot': 15, 'Groups': 12,'Profesores':24, 'MateriasMaximas':3, 'Materias':10}
param = {'ParticulasxEnjambre': 8,'Enjambres': 10,'Iteraciones': 100,'c1':2.05,'c2':2.05,'k':0.72984, 'rondaAparemiento':5}




----------------------Cantidad de materias dictadas por un profesor-------------

Profesor 1 -> Materias 2
Profesor 2 -> Materias 2
Profesor 3 -> Materias 2
Profesor 4 -> Materias 1
Profesor 5 -> Materias 2
Profesor 6 -> Materias 3
Profesor 7 -> Materias 3
Profesor 8 -> Materias 1
Profesor 9 -> Materias 3
Profesor 10 -> Materias 3
Profesor 11 -> Materias 2
Profesor 12 -> Materias 2
Profesor 13 -> Materias 2
Profesor 14 -> Materias 1
Profesor 15 -> Materias 1
Profesor 16 -> Materias 1
Profesor 17 -> Materias 3
Profesor 18 -> Materias 3
Profesor 19 -> Materias 1
Profesor 20 -> Materias 2
Profesor 21 -> Materias 2
Profesor 22 -> Materias 1
Profesor 23 -> Materias 2
Profesor 24 -> Materias 1


----------------------Códigos, donde un código es una profesor asociado a una materia-------------

{1: {'profesor': 1, 'materia': 6}, 2: {'profesor': 1, 'materia': 7}, 3: {'profesor': 2, 'materia': 8}, 4: {'profesor': 2, 'materia': 6}, 5: {'profesor': 3, 'materia': 3}, 6: {'profesor': 3, 'materia': 8}, 7: {'profesor': 4, 'materia': 7}, 8: {'profesor': 5, 'materia': 9}, 9: {'profesor': 5, 'materia': 5}, 10: {'profesor': 6, 'materia': 1}, 11: {'profesor': 6, 'materia': 5}, 12: {'profesor': 6, 'materia': 9}, 13: {'profesor': 7, 'materia': 9}, 14: {'profesor': 7, 'materia': 6}, 15: {'profesor': 7, 'materia': 6}, 16: {'profesor': 8, 'materia': 7}, 17: {'profesor': 9, 'materia': 4}, 18: {'profesor': 9, 'materia': 5}, 19: {'profesor': 9, 'materia': 3}, 20: {'profesor': 10, 'materia': 7}, 21: {'profesor': 10, 'materia': 6}, 22: {'profesor': 10, 'materia': 10}, 23: {'profesor': 11, 'materia': 1}, 24: {'profesor': 11, 'materia': 7}, 25: {'profesor': 12, 'materia': 4}, 26: {'profesor': 12, 'materia': 5}, 27: {'profesor': 13, 'materia': 7}, 28: {'profesor': 13, 'materia': 4}, 29: {'profesor': 14, 'materia': 3}, 30: {'profesor': 15, 'materia': 3}, 31: {'profesor': 16, 'materia': 5}, 32: {'profesor': 17, 'materia': 3}, 33: {'profesor': 17, 'materia': 9}, 34: {'profesor': 17, 'materia': 8}, 35: {'profesor': 18, 'materia': 10}, 36: {'profesor': 18, 'materia': 1}, 37: {'profesor': 18, 'materia': 3}, 38: {'profesor': 19, 'materia': 8}, 39: {'profesor': 20, 'materia': 6}, 40: {'profesor': 20, 'materia': 4}, 41: {'profesor': 21, 'materia': 1}, 42: {'profesor': 21, 'materia': 1}, 43: {'profesor': 22, 'materia': 3}, 44: {'profesor': 23, 'materia': 9}, 45: {'profesor': 23, 'materia': 8}, 46: {'profesor': 24, 'materia': 5}}


----------------------Disponibilidad porfesores en los diferentes Timeslot-------------

[[1, 1, 1, 0, 1, 1, 0, 0, 1, 1, 0, 0, 1, 0, 1, 1, 0, 0, 1, 1, 1, 0, 0, 0, 0, 1, 1, 1, 1, 0, 0, 1, 0, 0, 1, 0, 1, 0, 0, 1, 0, 1, 0, 1, 1, 1, 0, 1, 1, 1, 0, 1, 1, 1, 0, 0, 1, 1, 1, 0, 0, 0, 0, 0, 1, 0, 1, 1, 0, 1, 1, 0, 1, 0, 0, 0, 1, 0, 1, 0, 1, 1, 0, 1, 1, 1, 1, 0, 0, 1, 1, 1, 0, 0, 1, 0, 1, 1, 0, 1, 0, 1, 1, 1, 1, 1, 1, 0, 0, 1, 1, 0, 1, 1, 0, 0, 1, 1, 1, 0, 1, 1, 1, 1, 0, 0, 1, 1, 0, 1, 0, 0, 0, 0, 0, 0, 0, 1, 1, 0, 0, 1, 1, 0, 0, 0, 0, 1, 0, 0, 1, 1, 1, 0, 0, 1, 0, 1, 0, 0, 1, 1, 0, 0, 0, 0, 0, 0, 0, 1, 0, 0, 1, 0, 0, 1, 0, 0, 1, 1], [1, 1, 1, 0, 1, 1, 0, 0, 0, 0, 1, 0, 0, 0, 1, 1, 0, 1, 0, 1, 0, 1, 1, 0, 1, 0, 1, 1, 1, 0, 0, 1, 1, 1, 1, 0, 0, 1, 1, 1, 0, 0, 0, 1, 0, 0, 1, 0, 0, 0, 0, 0, 1, 1, 1, 0, 1, 0, 1, 0, 0, 1, 1, 0, 0, 1, 0, 0, 0, 1, 1, 0, 1, 0, 0, 0, 0, 1, 0, 1, 1, 0, 0, 1, 0, 0, 0, 0, 1, 0, 1, 1, 0, 1, 0, 0, 1, 0, 0, 1, 1, 0, 0, 1, 0, 0, 0, 0, 1, 0, 1, 1, 0, 0, 0, 0, 1, 1, 1, 1, 1, 1, 1, 1, 1, 0, 1, 0, 1, 0, 1, 1, 0, 1, 1, 0, 0, 0, 0, 1, 1, 0, 1, 0, 0, 1, 0, 1, 1, 0, 0, 0, 1, 0, 1, 0, 1, 0, 1, 0, 0, 1, 0, 0, 1, 1, 0, 0, 1, 1, 0, 0, 0, 1, 0, 0, 1, 0, 1, 0], [1, 0, 0, 1, 1, 1, 1, 1, 1, 1, 0, 0, 1, 0, 1, 0, 0, 0, 0, 1, 1, 0, 0, 1, 0, 1, 0, 1, 1, 0, 1, 0, 0, 0, 1, 0, 0, 0, 0, 1, 0, 0, 1, 1, 1, 1, 1, 1, 0, 1, 0, 1, 0, 0, 1, 1, 1, 0, 0, 0, 1, 0, 0, 1, 0, 1, 1, 1, 1, 1, 0, 0, 1, 1, 1, 1, 0, 0, 0, 0, 0, 0, 0, 1, 0, 0, 0, 1, 0, 0, 1, 0, 0, 0, 1, 0, 0, 1, 1, 0, 0, 0, 1, 0, 0, 1, 1, 1, 1, 0, 1, 1, 1, 0, 1, 1, 0, 1, 1, 1, 1, 1, 1, 0, 1, 1, 0, 1, 1, 0, 1, 0, 1, 1, 1, 1, 0, 0, 0, 1, 1, 0, 0, 1, 1, 0, 1, 0, 1, 1, 0, 1, 1, 1, 1, 1, 1, 1, 0, 0, 1, 1, 1, 0, 1, 1, 1, 1, 0, 1, 0, 1, 1, 1, 1, 1, 0, 1, 1, 0], [1, 0, 0, 0, 0, 0, 0, 0, 1, 0, 0, 0, 0, 1, 1, 1, 1, 1, 1, 1, 0, 0, 0, 1, 0, 1, 1, 1, 0, 1, 1, 0, 1, 0, 0, 1, 0, 0, 0, 0, 0, 1, 1, 0, 0, 1, 0, 0, 1, 1, 0, 1, 0, 1, 0, 1, 0, 0, 1, 1, 1, 1, 1, 0, 0, 0, 0, 1, 1, 0, 1, 0, 1, 1, 1, 0, 1, 0, 1, 1, 1, 1, 1, 0, 1, 0, 0, 1, 0, 0, 0, 0, 0, 0, 1, 0, 0, 0, 1, 1, 1, 0, 0, 0, 1, 0, 0, 0, 0, 1, 1, 0, 0, 1, 1, 1, 1, 1, 0, 0, 0, 0, 0, 1, 1, 0, 1, 0, 0, 1, 1, 1, 1, 0, 1, 1, 0, 1, 0, 1, 0, 1, 1, 0, 0, 0, 0, 1, 0, 1, 0, 0, 0, 1, 1, 1, 1, 1, 0, 1, 1, 1, 0, 0, 0, 0, 0, 1, 1, 1, 1, 0, 0, 1, 0, 1, 0, 1, 1, 0], [1, 1, 0, 1, 1, 0, 0, 0, 0, 0, 1, 0, 1, 1, 0, 0, 0, 1, 1, 1, 1, 0, 0, 1, 1, 1, 1, 1, 0, 0, 1, 0, 1, 0, 1, 0, 0, 1, 1, 1, 1, 1, 0, 1, 0, 0, 1, 0, 0, 1, 1, 1, 1, 0, 0, 1, 0, 0, 1, 0, 1, 0, 0, 1, 1, 0, 1, 0, 1, 0, 0, 1, 0, 0, 0, 0, 1, 0, 1, 1, 1, 0, 1, 1, 0, 1, 0, 0, 0, 1, 1, 0, 0, 0, 1, 1, 1, 0, 1, 0, 0, 1, 0, 1, 0, 0, 0, 1, 1, 0, 0, 1, 0, 1, 1, 1, 1, 0, 0, 1, 0, 0, 0, 1, 1, 0, 0, 1, 1, 1, 0, 0, 1, 1, 1, 0, 0, 1, 1, 1, 0, 0, 0, 1, 0, 0, 0, 0, 1, 0, 0, 1, 0, 1, 1, 1, 1, 1, 1, 0, 1, 0, 1, 1, 1, 0, 0, 0, 0, 0, 0, 0, 0, 0, 1, 0, 0, 0, 0, 0], [0, 0, 1, 1, 1, 0, 1, 0, 0, 1, 1, 1, 1, 0, 1, 1, 1, 0, 0, 1, 0, 0, 0, 1, 1, 1, 0, 0, 0, 0, 0, 1, 1, 0, 0, 0, 0, 0, 1, 0, 1, 1, 1, 0, 0, 1, 1, 0, 1, 0, 1, 0, 0, 0, 1, 0, 0, 0, 1, 1, 0, 0, 1, 0, 1, 1, 1, 0, 1, 0, 0, 0, 1, 0, 1, 0, 1, 0, 0, 0, 0, 0, 1, 1, 0, 1, 1, 1, 1, 1, 1, 1, 0, 0, 1, 1, 1, 0, 1, 0, 1, 1, 1, 0, 1, 1, 0, 0, 0, 0, 1, 1, 0, 1, 0, 0, 0, 1, 0, 0, 0, 1, 0, 1, 1, 0, 1, 1, 1, 1, 0, 1, 0, 1, 0, 0, 1, 0, 0, 1, 0, 0, 1, 0, 0, 0, 1, 0, 1, 0, 1, 1, 0, 1, 1, 0, 0, 1, 0, 0, 1, 1, 1, 0, 0, 1, 0, 0, 0, 0, 1, 1, 0, 1, 0, 0, 1, 0, 0, 0], [0, 0, 1, 0, 0, 0, 1, 0, 1, 1, 1, 0, 1, 1, 0, 1, 0, 0, 0, 0, 0, 0, 0, 0, 0, 0, 0, 1, 1, 1, 0, 0, 0, 0, 0, 1, 1, 0, 0, 1, 1, 0, 0, 0, 1, 1, 1, 1, 0, 1, 1, 0, 0, 1, 1, 0, 1, 1, 0, 0, 0, 1, 1, 0, 1, 1, 0, 1, 0, 1, 1, 1, 0, 1, 0, 0, 1, 1, 0, 1, 1, 0, 1, 1, 1, 1, 1, 1, 1, 0, 1, 1, 0, 1, 0, 0, 0, 0, 0, 0, 1, 0, 1, 0, 0, 0, 1, 0, 0, 1, 0, 1, 0, 1, 1, 0, 1, 0, 1, 1, 0, 0, 0, 1, 0, 1, 1, 1, 0, 0, 1, 1, 1, 1, 0, 0, 0, 0, 1, 0, 0, 1, 1, 1, 0, 0, 0, 0, 1, 1, 1, 1, 0, 0, 1, 0, 0, 1, 0, 1, 1, 1, 1, 0, 1, 0, 0, 1, 0, 1, 1, 1, 1, 1, 0, 1, 0, 0, 1, 0], [0, 0, 0, 1, 0, 0, 0, 1, 1, 0, 0, 0, 1, 0, 1, 0, 0, 1, 1, 1, 1, 0, 1, 0, 0, 0, 1, 0, 0, 0, 0, 0, 0, 0, 0, 1, 1, 0, 1, 1, 0, 0, 0, 0, 0, 1, 0, 0, 0, 1, 1, 0, 1, 1, 1, 1, 0, 1, 0, 0, 0, 1, 1, 0, 1, 0, 1, 0, 1, 1, 0, 0, 1, 1, 0, 1, 1, 0, 0, 0, 1, 0, 0, 0, 0, 1, 1, 0, 1, 0, 1, 1, 1, 0, 1, 1, 1, 0, 0, 1, 0, 0, 0, 1, 1, 1, 1, 1, 0, 0, 1, 1, 0, 1, 0, 0, 0, 0, 0, 1, 1, 1, 1, 1, 1, 0, 0, 1, 0, 1, 0, 1, 0, 1, 0, 0, 0, 0, 0, 1, 1, 1, 0, 0, 1, 1, 1, 1, 0, 0, 1, 0, 1, 0, 0, 0, 1, 1, 1, 0, 0, 0, 0, 1, 1, 0, 0, 0, 0, 0, 0, 0, 0, 1, 0, 0, 1, 1, 1, 1], [0, 1, 1, 0, 1, 1, 0, 1, 0, 0, 0, 0, 0, 1, 0, 0, 1, 1, 0, 0, 1, 0, 0, 0, 0, 0, 1, 0, 1, 1, 0, 1, 1, 0, 0, 0, 0, 0, 0, 1, 1, 1, 1, 1, 1, 0, 1, 1, 0, 0, 0, 1, 1, 1, 0, 0, 1, 1, 0, 1, 0, 1, 1, 0, 0, 0, 1, 0, 0, 1, 0, 1, 1, 0, 1, 1, 1, 0, 0, 1, 1, 0, 1, 0, 0, 0, 1, 1, 0, 0, 0, 0, 0, 1, 0, 1, 0, 1, 1, 1, 0, 0, 0, 1, 1, 0, 1, 1, 1, 0, 0, 0, 1, 0, 1, 0, 1, 0, 0, 0, 0, 1, 1, 0, 0, 1, 0, 1, 0, 0, 1, 0, 0, 0, 0, 1, 1, 0, 0, 1, 1, 1, 1, 0, 1, 0, 0, 0, 1, 0, 1, 0, 1, 0, 1, 1, 0, 1, 1, 0, 1, 1, 1, 1, 0, 1, 1, 0, 1, 0, 1, 1, 0, 0, 1, 1, 1, 1, 1, 0], [0, 0, 0, 1, 0, 0, 0, 1, 1, 1, 1, 0, 0, 0, 0, 0, 0, 0, 0, 1, 0, 1, 1, 0, 1, 1, 1, 1, 0, 1, 1, 0, 1, 0, 0, 0, 1, 0, 1, 1, 1, 0, 1, 0, 1, 1, 1, 1, 0, 1, 0, 0, 1, 1, 0, 0, 0, 0, 0, 1, 0, 0, 0, 1, 1, 0, 0, 1, 1, 1, 0, 0, 1, 1, 1, 1, 1, 0, 0, 1, 0, 1, 0, 0, 0, 0, 1, 0, 1, 1, 0, 0, 0, 1, 0, 1, 0, 1, 0, 0, 1, 1, 0, 0, 0, 1, 0, 0, 1, 0, 1, 1, 0, 1, 1, 1, 1, 1, 0, 1, 1, 1, 0, 0, 0, 0, 0, 0, 0, 1, 1, 0, 0, 1, 0, 1, 0, 0, 0, 0, 0, 0, 1, 0, 1, 0, 0, 0, 1, 0, 1, 1, 0, 1, 1, 0, 0, 1, 0, 0, 0, 1, 1, 1, 1, 1, 0, 1, 1, 1, 1, 1, 0, 1, 1, 0, 1, 1, 0, 1], [1, 0, 0, 0, 1, 1, 0, 1, 0, 0, 0, 0, 0, 0, 0, 1, 1, 1, 1, 0, 1, 0, 1, 0, 0, 0, 1, 1, 1, 0, 1, 0, 0, 1, 1, 1, 0, 0, 1, 1, 0, 0, 1, 0, 1, 1, 1, 1, 1, 1, 0, 1, 1, 1, 0, 0, 0, 1, 0, 0, 1, 0, 0, 1, 1, 1, 0, 1, 1, 0, 0, 0, 0, 0, 0, 1, 0, 0, 1, 1, 1, 0, 0, 0, 0, 0, 0, 0, 1, 0, 1, 1, 0, 0, 0, 0, 1, 1, 1, 1, 1, 0, 0, 0, 1, 1, 0, 1, 0, 0, 0, 0, 0, 1, 0, 1, 0, 1, 1, 0, 0, 1, 0, 0, 0, 1, 0, 0, 0, 0, 1, 0, 1, 1, 0, 1, 1, 0, 0, 1, 0, 1, 0, 0, 0, 1, 0, 0, 0, 1, 1, 0, 1, 1, 0, 0, 1, 0, 1, 1, 1, 0, 0, 1, 1, 1, 1, 0, 0, 1, 1, 1, 0, 0, 1, 0, 1, 1, 0, 0], [0, 0, 1, 0, 0, 0, 1, 0, 0, 0, 1, 1, 0, 1, 0, 1, 1, 1, 1, 0, 1, 1, 1, 1, 0, 1, 0, 0, 0, 1, 1, 0, 0, 0, 0, 0, 0, 1, 0, 1, 0, 1, 0, 1, 0, 0, 1, 1, 1, 0, 0, 0, 1, 1, 1, 1, 0, 1, 0, 1, 0, 1, 1, 1, 1, 0, 0, 1, 0, 0, 1, 1, 1, 1, 0, 0, 1, 1, 0, 1, 0, 1, 1, 1, 0, 0, 0, 1, 0, 1, 1, 1, 1, 1, 1, 1, 0, 0, 0, 1, 1, 0, 1, 1, 1, 0, 1, 0, 0, 0, 0, 1, 0, 0, 1, 0, 1, 1, 1, 0, 1, 1, 1, 1, 1, 0, 0, 0, 1, 1, 1, 1, 1, 1, 0, 1, 0, 0, 0, 1, 0, 0, 1, 1, 1, 1, 1, 0, 1, 1, 0, 1, 0, 1, 0, 1, 0, 1, 1, 1, 0, 0, 1, 1, 0, 0, 1, 1, 0, 0, 0, 0, 1, 1, 1, 1, 1, 1, 0, 0], [0, 1, 1, 1, 0, 1, 0, 0, 0, 1, 0, 1, 0, 1, 0, 1, 0, 0, 0, 0, 1, 1, 1, 0, 0, 0, 0, 1, 0, 0, 1, 1, 0, 1, 0, 1, 1, 1, 1, 0, 0, 1, 0, 0, 1, 0, 0, 1, 1, 1, 0, 1, 0, 1, 1, 1, 0, 1, 1, 0, 1, 0, 1, 0, 0, 1, 0, 1, 0, 1, 0, 1, 1, 1, 0, 0, 1, 0, 0, 0, 1, 0, 1, 0, 1, 1, 0, 1, 0, 0, 1, 1, 0, 1, 1, 0, 1, 1, 1, 1, 0, 1, 1, 1, 0, 0, 0, 0, 0, 1, 1, 1, 0, 0, 1, 0, 0, 0, 0, 1, 0, 1, 0, 0, 1, 0, 1, 0, 1, 0, 1, 0, 1, 1, 1, 1, 0, 1, 0, 1, 0, 1, 1, 1, 0, 1, 0, 1, 1, 1, 0, 1, 1, 0, 0, 1, 1, 0, 0, 1, 1, 0, 0, 0, 1, 1, 1, 1, 1, 0, 1, 1, 0, 0, 1, 1, 0, 0, 0, 1], [0, 0, 0, 0, 0, 1, 0, 0, 1, 1, 1, 0, 1, 0, 0, 1, 1, 1, 0, 0, 0, 0, 0, 1, 1, 1, 0, 0, 1, 1, 0, 0, 0, 0, 1, 1, 0, 1, 1, 1, 1, 0, 1, 0, 1, 0, 0, 1, 0, 0, 1, 1, 0, 1, 0, 0, 0, 1, 1, 0, 1, 1, 1, 0, 0, 1, 1, 1, 1, 1, 1, 1, 0, 1, 0, 0, 0, 1, 0, 0, 1, 0, 1, 1, 1, 0, 1, 1, 0, 0, 0, 0, 0, 1, 1, 0, 1, 0, 0, 1, 0, 0, 1, 0, 0, 0, 1, 0, 1, 0, 1, 0, 0, 1, 1, 0, 1, 1, 1, 0, 0, 0, 1, 1, 0, 1, 0, 0, 0, 0, 0, 1, 0, 0, 1, 1, 0, 1, 0, 0, 1, 0, 0, 0, 1, 0, 1, 1, 1, 1, 0, 1, 1, 0, 1, 0, 1, 0, 0, 1, 0, 1, 1, 0, 1, 0, 0, 1, 0, 1, 0, 1, 0, 0, 0, 1, 1, 1, 0, 0], [0, 0, 1, 1, 1, 1, 1, 0, 1, 1, 0, 1, 1, 1, 1, 0, 1, 1, 0, 0, 0, 0, 1, 0, 0, 0, 1, 1, 0, 0, 1, 1, 1, 0, 0, 0, 0, 0, 0, 0, 1, 0, 0, 0, 0, 0, 1, 0, 0, 0, 0, 0, 0, 0, 0, 1, 1, 1, 1, 1, 1, 1, 1, 1, 0, 0, 1, 1, 0, 0, 1, 1, 1, 1, 0, 0, 1, 1, 0, 1, 1, 1, 0, 1, 1, 0, 1, 1, 0, 1, 1, 1, 0, 0, 1, 0, 0, 1, 0, 0, 0, 0, 0, 1, 0, 1, 0, 1, 1, 0, 0, 0, 1, 1, 0, 1, 0, 0, 1, 0, 0, 1, 1, 0, 0, 1, 0, 0, 0, 0, 0, 1, 1, 0, 0, 0, 0, 0, 1, 0, 1, 1, 0, 1, 1, 1, 1, 1, 0, 1, 0, 0, 1, 1, 1, 0, 0, 0, 1, 0, 1, 1, 0, 1, 1, 0, 1, 1, 1, 0, 0, 1, 0, 0, 1, 0, 1, 0, 0, 0], [0, 0, 1, 1, 1, 0, 0, 0, 0, 0, 1, 0, 0, 1, 0, 1, 0, 1, 1, 0, 0, 0, 1, 0, 0, 0, 1, 1, 0, 1, 0, 1, 0, 0, 0, 1, 1, 1, 0, 1, 0, 0, 1, 1, 0, 1, 1, 0, 1, 1, 0, 0, 1, 0, 0, 1, 0, 0, 1, 1, 1, 0, 0, 0, 0, 0, 0, 1, 1, 1, 0, 0, 0, 0, 1, 1, 1, 1, 0, 0, 1, 1, 1, 1, 0, 0, 0, 1, 0, 1, 1, 1, 1, 0, 0, 1, 1, 0, 1, 0, 1, 0, 0, 0, 0, 1, 0, 1, 1, 1, 1, 1, 0, 1, 0, 1, 0, 0, 1, 0, 1, 1, 0, 1, 1, 1, 0, 0, 0, 1, 0, 1, 1, 0, 1, 1, 0, 1, 1, 1, 1, 1, 1, 1, 0, 0, 1, 0, 1, 0, 0, 1, 1, 1, 1, 1, 1, 1, 0, 1, 0, 1, 1, 0, 1, 0, 0, 1, 0, 1, 1, 0, 1, 1, 0, 1, 0, 0, 1, 1], [1, 1, 1, 0, 0, 0, 0, 1, 1, 0, 1, 1, 1, 0, 1, 0, 0, 0, 1, 1, 0, 0, 1, 1, 0, 0, 1, 0, 1, 0, 1, 1, 1, 0, 0, 1, 1, 1, 1, 0, 1, 0, 1, 1, 1, 0, 0, 1, 0, 1, 0, 0, 0, 1, 0, 0, 1, 1, 0, 0, 1, 0, 1, 1, 0, 1, 0, 1, 0, 1, 0, 0, 1, 0, 0, 0, 1, 0, 0, 1, 0, 1, 1, 1, 1, 0, 1, 0, 0, 1, 1, 1, 0, 0, 0, 0, 0, 1, 1, 0, 1, 1, 1, 1, 1, 0, 0, 1, 0, 1, 0, 1, 0, 1, 0, 0, 1, 1, 0, 1, 1, 1, 1, 1, 1, 0, 1, 0, 0, 1, 1, 0, 0, 1, 0, 0, 1, 1, 1, 0, 0, 0, 0, 1, 1, 0, 1, 1, 0, 1, 1, 0, 0, 1, 0, 0, 1, 1, 1, 0, 0, 0, 1, 0, 1, 0, 1, 1, 1, 1, 0, 1, 0, 0, 0, 0, 1, 1, 0, 1], [1, 1, 0, 1, 0, 1, 1, 1, 1, 0, 0, 1, 0, 1, 1, 0, 0, 1, 0, 0, 0, 0, 1, 1, 0, 0, 1, 1, 1, 1, 0, 1, 1, 1, 1, 1, 1, 1, 1, 1, 0, 0, 0, 1, 1, 1, 0, 1, 1, 1, 1, 0, 0, 1, 1, 1, 1, 1, 0, 1, 0, 1, 1, 0, 0, 1, 1, 1, 1, 0, 1, 1, 0, 1, 1, 0, 1, 0, 0, 1, 0, 0, 0, 0, 0, 0, 1, 1, 0, 1, 0, 0, 1, 0, 0, 0, 0, 0, 1, 0, 1, 0, 1, 0, 0, 0, 1, 1, 1, 0, 1, 0, 0, 1, 1, 1, 1, 0, 0, 0, 0, 1, 0, 1, 0, 0, 1, 1, 1, 0, 0, 0, 0, 1, 1, 1, 0, 1, 1, 1, 0, 0, 1, 0, 1, 1, 1, 1, 1, 1, 1, 0, 0, 1, 1, 0, 0, 0, 0, 0, 1, 1, 1, 1, 1, 0, 0, 0, 0, 0, 1, 0, 1, 1, 0, 0, 1, 1, 1, 1], [0, 1, 0, 1, 0, 0, 0, 1, 1, 1, 1, 0, 0, 0, 0, 1, 0, 0, 1, 1, 1, 1, 0, 1, 0, 0, 1, 1, 1, 0, 0, 1, 1, 0, 0, 0, 0, 1, 0, 1, 0, 1, 1, 1, 0, 1, 0, 1, 0, 1, 0, 1, 1, 1, 1, 1, 0, 0, 0, 1, 0, 0, 1, 1, 0, 1, 1, 0, 1, 0, 0, 0, 1, 0, 1, 0, 1, 0, 0, 0, 0, 0, 1, 0, 1, 0, 1, 1, 0, 0, 0, 0, 0, 1, 1, 1, 1, 0, 0, 1, 0, 1, 1, 0, 1, 1, 1, 1, 0, 1, 0, 0, 1, 1, 1, 1, 1, 1, 0, 0, 1, 0, 1, 0, 1, 0, 0, 0, 0, 1, 0, 0, 1, 0, 1, 0, 1, 1, 1, 1, 0, 1, 1, 1, 1, 1, 1, 0, 0, 1, 1, 1, 0, 1, 1, 0, 1, 0, 0, 0, 1, 1, 0, 1, 0, 1, 0, 0, 1, 1, 0, 0, 1, 0, 0, 1, 0, 1, 1, 0], [0, 1, 1, 0, 1, 0, 1, 0, 0, 0, 1, 1, 0, 1, 1, 0, 0, 1, 1, 1, 1, 1, 0, 1, 1, 0, 1, 0, 1, 1, 0, 0, 0, 1, 1, 1, 0, 0, 0, 0, 0, 0, 0, 1, 1, 0, 1, 0, 0, 1, 0, 0, 0, 1, 0, 1, 1, 1, 0, 1, 0, 1, 0, 0, 0, 0, 0, 1, 1, 1, 1, 1, 1, 0, 1, 0, 0, 0, 1, 1, 0, 1, 0, 1, 0, 0, 1, 0, 0, 0, 0, 0, 0, 1, 0, 1, 0, 1, 0, 0, 1, 0, 1, 0, 1, 1, 1, 1, 0, 0, 1, 1, 1, 1, 0, 1, 0, 0, 1, 0, 1, 0, 0, 1, 1, 0, 1, 0, 0, 1, 0, 0, 0, 1, 1, 1, 0, 0, 0, 0, 0, 1, 1, 1, 0, 1, 0, 0, 1, 1, 0, 1, 1, 0, 0, 1, 0, 1, 1, 1, 1, 1, 0, 1, 1, 0, 1, 1, 1, 1, 1, 1, 0, 1, 0, 1, 0, 0, 0, 0], [0, 1, 1, 0, 1, 0, 0, 1, 1, 0, 1, 1, 1, 0, 0, 1, 1, 0, 0, 1, 1, 0, 1, 1, 1, 1, 0, 0, 0, 1, 0, 0, 0, 1, 0, 1, 1, 1, 1, 1, 1, 0, 0, 1, 0, 1, 0, 0, 1, 0, 0, 1, 1, 0, 1, 1, 0, 0, 0, 1, 0, 0, 1, 0, 0, 1, 1, 0, 0, 1, 0, 0, 1, 1, 1, 0, 1, 1, 0, 0, 1, 0, 1, 0, 0, 0, 1, 1, 0, 1, 1, 0, 1, 0, 0, 1, 0, 0, 0, 1, 0, 0, 0, 1, 0, 0, 1, 0, 0, 0, 0, 1, 1, 0, 1, 0, 1, 1, 1, 1, 1, 1, 1, 0, 1, 0, 0, 0, 1, 0, 1, 0, 1, 0, 1, 0, 0, 1, 0, 1, 1, 1, 1, 1, 1, 0, 0, 1, 1, 1, 0, 1, 1, 0, 1, 0, 0, 1, 0, 0, 0, 0, 0, 0, 0, 0, 0, 0, 1, 1, 0, 0, 1, 1, 0, 0, 1, 0, 1, 1], [0, 1, 0, 0, 0, 1, 0, 1, 1, 0, 1, 1, 0, 0, 0, 0, 1, 1, 0, 0, 0, 0, 0, 1, 0, 1, 1, 1, 0, 1, 1, 1, 1, 1, 1, 0, 1, 1, 0, 1, 0, 0, 0, 0, 0, 0, 0, 1, 1, 0, 1, 1, 0, 1, 0, 1, 1, 1, 1, 1, 1, 0, 1, 0, 1, 1, 1, 0, 1, 1, 1, 1, 1, 1, 0, 0, 0, 0, 1, 1, 1, 0, 1, 1, 1, 0, 1, 1, 1, 0, 1, 0, 1, 1, 0, 0, 0, 0, 0, 0, 1, 1, 0, 0, 0, 0, 1, 1, 1, 0, 0, 0, 0, 0, 1, 0, 1, 1, 0, 1, 0, 1, 0, 1, 0, 0, 1, 0, 0, 0, 0, 0, 1, 1, 0, 0, 1, 1, 0, 1, 1, 0, 1, 1, 1, 1, 0, 1, 1, 0, 1, 0, 1, 0, 1, 0, 1, 0, 0, 1, 1, 1, 1, 1, 1, 0, 1, 1, 1, 0, 1, 1, 0, 1, 0, 0, 1, 0, 0, 0], [1, 1, 1, 1, 0, 0, 1, 0, 0, 1, 0, 0, 0, 1, 1, 0, 0, 1, 0, 0, 1, 0, 0, 1, 0, 0, 1, 1, 0, 0, 1, 0, 0, 0, 1, 0, 0, 1, 1, 1, 0, 0, 1, 0, 0, 0, 1, 0, 1, 0, 1, 0, 1, 1, 1, 0, 1, 0, 1, 1, 1, 1, 0, 0, 0, 0, 0, 0, 0, 0, 1, 1, 1, 1, 0, 0, 1, 1, 0, 1, 1, 0, 1, 0, 1, 1, 1, 0, 0, 0, 1, 0, 1, 1, 1, 0, 1, 1, 0, 1, 0, 0, 0, 1, 1, 0, 0, 0, 1, 1, 0, 1, 0, 0, 1, 0, 0, 1, 0, 1, 1, 0, 0, 0, 1, 0, 1, 1, 1, 1, 0, 0, 1, 1, 0, 0, 1, 1, 1, 0, 0, 0, 0, 0, 1, 0, 0, 1, 1, 0, 0, 0, 0, 0, 1, 1, 1, 0, 1, 1, 0, 1, 1, 1, 0, 1, 1, 0, 1, 0, 0, 1, 1, 0, 0, 1, 0, 0, 0, 1], [1, 1, 0, 1, 1, 0, 1, 1, 1, 1, 1, 0, 0, 1, 1, 0, 1, 0, 0, 0, 0, 0, 0, 1, 0, 0, 0, 1, 1, 0, 1, 1, 1, 0, 0, 1, 0, 1, 0, 0, 1, 1, 0, 1, 0, 1, 1, 0, 1, 0, 0, 0, 1, 0, 1, 1, 0, 1, 0, 1, 0, 1, 0, 1, 0, 1, 0, 0, 0, 0, 0, 0, 1, 1, 0, 1, 1, 1, 1, 1, 1, 1, 0, 1, 1, 0, 1, 0, 1, 0, 0, 0, 1, 0, 1, 0, 0, 1, 0, 1, 1, 0, 0, 1, 1, 0, 1, 0, 1, 1, 0, 0, 1, 0, 1, 0, 1, 0, 0, 1, 1, 0, 1, 0, 0, 0, 0, 0, 0, 1, 1, 0, 1, 0, 1, 1, 1, 1, 1, 1, 1, 0, 0, 1, 1, 1, 0, 0, 0, 0, 1, 1, 1, 0, 1, 1, 1, 0, 1, 1, 0, 1, 0, 0, 0, 1, 0, 1, 1, 0, 1, 1, 1, 1, 0, 1, 0, 0, 1, 1]]

------------------------------------Resultado ----------------


Enjambre #1
Rendimiento:105.545454545
 Mejor particula:[18, 3, 42, 34, 29, 31, 22, 15, 2, 28, 25, 30, 9, 46, 7, 27, 38, 36, 5, 40, 24, 42, 33, 45, 8, 26, 2, 12, 17, 20, 41, 3, 43, 36, 23, 46, 33, 18, 6, 15, 25, 38, 2, 29, 21, 28, 17, 25, 14, 7, 32, 44, 3, 37, 16, 1, 29, 8, 40, 20, 31, 6, 22, 13, 44, 40, 1, 34, 18, 42, 27, 30, 37, 11, 25, 22, 17, 33, 31, 11, 16, 37, 7, 13, 29, 25, 39, 41, 6, 1, 46, 39, 16, 14, 26, 32, 43, 1, 3, 11, 22, 38, 9, 5, 28, 34, 41, 15, 3, 5, 21, 25, 24, 43, 39, 44, 35, 31, 30, 28, 35, 27, 17, 1, 43, 38, 32, 14, 29, 41, 31, 20, 8, 24, 39, 22, 28, 37, 30, 8, 43, 26, 2, 6, 24, 18, 4, 42, 15, 11, 27, 41, 18, 34, 46, 44, 39, 38, 30, 7, 6, 36, 15, 21, 23, 7, 14, 32, 2, 29, 41, 11, 21, 45, 38, 43, 30, 28, 9, 16]

Enjambre #2
Rendimiento:111.533333333
 Mejor particula:[22, 3, 36, 16, 8, 24, 34, 29, 15, 18, 11, 41, 25, 28, 46, 12, 5, 13, 3, 20, 31, 8, 41, 18, 44, 26, 38, 32, 39, 46, 15, 43, 41, 20, 39, 24, 27, 12, 33, 17, 2, 38, 26, 3, 37, 12, 31, 29, 33, 45, 4, 28, 8, 19, 21, 26, 37, 2, 40, 7, 12, 20, 43, 45, 14, 38, 1, 27, 33, 42, 17, 37, 16, 26, 7, 45, 7, 11, 39, 22, 9, 25, 42, 15, 32, 5, 36, 27, 24, 16, 25, 29, 11, 43, 13, 39, 37, 19, 5, 32, 24, 9, 31, 45, 42, 21, 25, 46, 40, 18, 5, 2, 23, 12, 16, 8, 37, 28, 32, 15, 33, 26, 3, 24, 5, 41, 43, 17, 27, 2, 35, 14, 38, 46, 44, 41, 1, 27, 36, 9, 6, 4, 46, 7, 13, 43, 32, 11, 30, 29, 4, 9, 2, 22, 45, 12, 43, 31, 41, 40, 29, 16, 18, 34, 38, 40, 23, 26, 31, 44, 37, 15, 33, 46, 5, 27, 30, 11, 42, 17]

Enjambre #3
Rendimiento:108.533333333
 Mejor particula:[2, 9, 6, 31, 46, 19, 14, 33, 22, 11, 27, 26, 44, 35, 24, 19, 33, 21, 39, 7, 27, 38, 29, 43, 8, 3, 37, 1, 45, 12, 31, 21, 5, 16, 32, 4, 27, 38, 24, 17, 30, 8, 25, 44, 46, 45, 42, 17, 39, 23, 6, 22, 26, 9, 37, 13, 28, 7, 31, 2, 14, 16, 17, 2, 23, 42, 34, 4, 40, 27, 10, 43, 29, 25, 9, 35, 12, 31, 25, 20, 19, 34, 23, 5, 30, 43, 1, 41, 39, 9, 19, 34, 20, 2, 27, 5, 24, 42, 46, 38, 37, 43, 12, 30, 3, 16, 44, 15, 46, 5, 33, 39, 24, 27, 37, 22, 7, 4, 19, 12, 37, 13, 8, 46, 32, 5, 38, 43, 30, 31, 22, 19, 24, 40, 44, 33, 38, 14, 43, 25, 24, 17, 30, 1, 36, 7, 45, 16, 39, 29, 40, 17, 36, 31, 23, 20, 5, 13, 8, 44, 7, 32, 11, 26, 4, 16, 17, 29, 26, 21, 38, 46, 23, 13, 32, 1, 40, 12, 45, 7]

Enjambre #4
Rendimiento:111.533333333
 Mejor particula:[43, 17, 31, 12, 7, 25, 2, 40, 23, 20, 33, 37, 38, 3, 6, 24, 40, 42, 11, 17, 34, 2, 43, 30, 15, 22, 44, 7, 3, 29, 19, 7, 44, 32, 35, 10, 31, 1, 27, 3, 38, 30, 5, 46, 39, 14, 33, 23, 20, 29, 12, 5, 37, 9, 44, 41, 28, 4, 40, 17, 27, 2, 26, 20, 12, 6, 39, 30, 34, 31, 19, 24, 43, 42, 15, 44, 24, 27, 2, 37, 9, 34, 4, 6, 39, 15, 18, 20, 12, 16, 30, 34, 31, 26, 28, 3, 38, 12, 7, 19, 43, 46, 40, 36, 21, 32, 1, 39, 21, 26, 18, 5, 10, 38, 7, 24, 45, 29, 36, 46, 39, 6, 9, 46, 28, 24, 14, 42, 34, 4, 29, 37, 12, 30, 38, 18, 20, 14, 33, 4, 10, 39, 24, 44, 2, 46, 27, 42, 31, 26, 23, 15, 25, 3, 37, 1, 6, 43, 38, 33, 17, 10, 40, 28, 30, 19, 8, 46, 44, 22, 6, 43, 31, 23, 26, 7, 3, 35, 27, 41]

Enjambre #5
Rendimiento:105.533333333
 Mejor particula:[18, 1, 27, 32, 36, 31, 45, 25, 16, 22, 41, 23, 11, 15, 5, 26, 19, 34, 43, 31, 46, 29, 1, 13, 42, 4, 35, 22, 28, 44, 3, 23, 19, 36, 32, 20, 42, 29, 9, 12, 46, 31, 40, 27, 25, 12, 41, 30, 5, 16, 38, 36, 24, 21, 31, 40, 14, 3, 29, 7, 9, 39, 11, 34, 5, 15, 4, 24, 1, 36, 20, 43, 27, 42, 26, 28, 35, 14, 21, 33, 9, 10, 39, 1, 16, 19, 6, 44, 26, 7, 39, 31, 41, 15, 26, 43, 6, 20, 29, 8, 33, 16, 10, 38, 44, 3, 36, 2, 31, 11, 27, 45, 34, 13, 41, 22, 7, 40, 23, 8, 25, 1, 23, 9, 21, 5, 35, 3, 17, 14, 44, 16, 40, 27, 12, 11, 43, 21, 18, 1, 15, 23, 28, 33, 45, 7, 41, 38, 39, 46, 42, 24, 17, 11, 40, 22, 26, 46, 8, 13, 28, 45, 43, 35, 4, 5, 35, 30, 46, 23, 41, 15, 25, 38, 29, 39, 8, 20, 10, 45]

Enjambre #6
Rendimiento:106.533333333
 Mejor particula:[11, 41, 35, 46, 27, 38, 23, 34, 43, 44, 2, 16, 8, 4, 5, 29, 18, 20, 23, 43, 34, 1, 40, 41, 31, 36, 28, 5, 12, 7, 44, 18, 16, 3, 27, 33, 37, 42, 15, 6, 31, 23, 12, 30, 22, 20, 35, 10, 41, 17, 44, 24, 2, 5, 27, 32, 29, 8, 3, 25, 9, 6, 41, 10, 2, 21, 16, 37, 32, 26, 44, 39, 17, 27, 3, 18, 46, 21, 15, 38, 1, 34, 45, 3, 24, 31, 12, 6, 35, 8, 4, 45, 12, 15, 27, 25, 19, 32, 36, 42, 20, 1, 38, 29, 16, 13, 10, 21, 27, 32, 23, 7, 3, 16, 35, 40, 18, 2, 38, 26, 5, 29, 15, 43, 41, 37, 21, 17, 4, 31, 30, 11, 39, 1, 24, 19, 3, 42, 24, 46, 15, 9, 37, 30, 21, 2, 26, 40, 29, 11, 8, 21, 25, 37, 32, 10, 42, 28, 46, 18, 13, 6, 24, 40, 7, 9, 17, 30, 35, 16, 20, 38, 23, 12, 32, 26, 40, 13, 31, 46]

Enjambre #7
Rendimiento:108.533333333
 Mejor particula:[15, 5, 10, 21, 45, 23, 38, 28, 25, 40, 2, 29, 32, 30, 42, 15, 27, 32, 16, 29, 20, 12, 26, 42, 45, 5, 39, 24, 3, 1, 2, 12, 30, 9, 41, 45, 14, 19, 40, 34, 43, 23, 25, 27, 4, 37, 27, 8, 42, 46, 24, 25, 31, 17, 44, 38, 5, 10, 15, 16, 26, 36, 43, 46, 13, 38, 17, 4, 23, 34, 42, 12, 28, 1, 22, 13, 19, 20, 10, 35, 2, 40, 25, 42, 32, 43, 23, 7, 9, 46, 19, 38, 32, 21, 44, 3, 13, 8, 1, 35, 25, 39, 27, 12, 31, 17, 35, 23, 25, 16, 29, 44, 42, 34, 3, 2, 11, 43, 46, 7, 11, 1, 24, 22, 28, 19, 6, 40, 7, 4, 8, 13, 46, 44, 16, 3, 19, 41, 36, 9, 28, 38, 39, 32, 20, 29, 30, 2, 12, 43, 33, 27, 14, 31, 40, 29, 12, 19, 24, 45, 37, 22, 26, 6, 1, 16, 31, 11, 13, 35, 27, 20, 43, 2, 33, 17, 3, 23, 44, 29]

Enjambre #8
Rendimiento:103.545454545
 Mejor particula:[45, 3, 27, 13, 41, 19, 20, 8, 36, 46, 23, 12, 43, 40, 25, 25, 17, 10, 31, 35, 7, 38, 28, 45, 41, 22, 39, 3, 32, 2, 23, 40, 36, 11, 22, 7, 43, 31, 29, 32, 18, 42, 26, 45, 46, 18, 46, 25, 9, 6, 2, 39, 21, 30, 14, 4, 34, 7, 37, 29, 45, 42, 40, 8, 22, 46, 15, 2, 25, 17, 24, 27, 29, 10, 7, 37, 28, 45, 8, 43, 1, 21, 40, 18, 42, 15, 12, 26, 30, 4, 40, 18, 3, 20, 44, 27, 2, 24, 10, 15, 43, 29, 6, 46, 32, 34, 14, 18, 1, 12, 20, 41, 37, 27, 46, 7, 9, 44, 38, 39, 36, 15, 19, 16, 1, 26, 32, 11, 42, 20, 7, 28, 31, 24, 45, 43, 14, 1, 34, 35, 10, 18, 39, 23, 3, 41, 44, 22, 25, 28, 8, 4, 44, 31, 29, 1, 36, 39, 25, 19, 28, 14, 32, 20, 24, 29, 6, 11, 43, 44, 14, 42, 3, 32, 19, 37, 9, 2, 38, 27]

Enjambre #9
Rendimiento:113.52173913
 Mejor particula:[34, 7, 37, 43, 31, 17, 16, 15, 45, 26, 1, 20, 4, 46, 38, 5, 26, 19, 8, 31, 20, 24, 28, 44, 7, 42, 13, 35, 40, 29, 37, 25, 12, 18, 41, 39, 7, 5, 32, 45, 24, 30, 27, 22, 3, 46, 4, 28, 36, 42, 11, 45, 14, 21, 19, 2, 39, 8, 6, 16, 43, 17, 16, 25, 15, 37, 12, 24, 3, 31, 21, 29, 1, 40, 6, 4, 11, 15, 40, 35, 32, 7, 45, 19, 28, 38, 16, 20, 2, 9, 33, 29, 6, 10, 21, 2, 27, 19, 30, 36, 41, 4, 26, 13, 16, 32, 16, 41, 26, 39, 8, 6, 30, 27, 17, 10, 13, 35, 31, 24, 23, 27, 45, 5, 32, 9, 37, 19, 38, 12, 46, 22, 15, 7, 30, 30, 14, 28, 46, 10, 38, 22, 23, 5, 40, 9, 3, 33, 31, 2, 22, 43, 37, 15, 44, 4, 11, 7, 24, 41, 31, 33, 2, 18, 8, 22, 13, 45, 3, 2, 26, 9, 17, 32, 35, 39, 28, 23, 42, 38]

Enjambre #10
Rendimiento:106.533333333
 Mejor particula:[5, 19, 29, 21, 12, 33, 40, 46, 27, 15, 24, 42, 2, 8, 16, 26, 8, 32, 36, 44, 17, 6, 15, 22, 10, 31, 23, 29, 16, 30, 29, 23, 35, 44, 41, 30, 10, 25, 21, 32, 13, 18, 1, 5, 28, 17, 16, 40, 12, 33, 44, 31, 9, 7, 1, 27, 36, 26, 22, 15, 32, 4, 43, 18, 35, 1, 44, 40, 21, 12, 41, 29, 8, 5, 24, 40, 45, 15, 36, 33, 25, 12, 29, 30, 8, 21, 4, 24, 18, 42, 25, 28, 32, 36, 4, 19, 11, 40, 42, 7, 38, 30, 31, 5, 15, 14, 20, 45, 18, 36, 11, 38, 40, 26, 27, 7, 46, 42, 8, 6, 23, 20, 6, 18, 1, 43, 12, 44, 28, 46, 7, 30, 8, 37, 13, 36, 15, 6, 17, 31, 11, 27, 38, 39, 26, 2, 22, 34, 44, 24, 22, 11, 45, 13, 9, 31, 34, 17, 38, 39, 2, 46, 16, 42, 23, 25, 5, 12, 2, 22, 17, 24, 28, 34, 30, 14, 7, 16, 29, 37]
